393.35567924110467 299.3190985401279 315.95031523427593 55.92445937440485 270.2309196650629 
526.6031491408241 524.670431180245 201.57927525134795 198.3994654534827 454.31153583041737 
144.83033671507326 363.9885698284464 509.6957928862537 616.9891679459205 505.56160776580265 
585.128204003256 473.5834797148402 316.5954452651104 200.7393186582565 482.330164056545 
126.9790795552011 296.16033658180305 311.6952932854349 271.37118711516933 232.62820316123245 
589.4539703216085 62.7805270919164 238.62147506759123 612.1276880698384 130.26299563447105 
30.870425554497576 520.8472258725094 249.68742741952477 54.867609424939516 179.9067484732851 
201.26062402927542 312.7257349632741 181.31312019419397 541.5698386982461 280.41134548599484 
585.3919914211824 499.0696088786498 513.1749843722966 230.51290135925578 361.1101586209723 
452.6735530888166 93.88675706648493 191.79791597451762 590.2372418479905 352.94514033612126 
530.3447770273494 619.4959273516549 28.93000522085703 399.37504277405776 192.79508318813157 
340.02753295344144 485.3142037986579 147.27427622336063 252.82038482033886 125.00850905460236 
409.0495254771385 203.28109929184762 83.76340376977667 441.6578383079304 20.384546612924908 
282.8185619475828 254.93664226807206 188.20321575056428 524.7949883105468 513.0964581903306 
540.712718208585 372.87793653448637 509.29930462003864 415.2515201677164 315.58863417016545 
45.102766916777526 566.545269559502 349.2194698002678 456.3180371410358 137.4466794419434 
342.76128575637165 154.93281443558132 22.205054273324958 426.9601119663797 555.6661844397795 
73.43806071031881 334.6535425734645 174.4746001648506 478.4313155736786 181.52609455947976 
427.0653691514124 550.4623314103408 135.78854140093304 123.46954013245121 386.1816806333192 
506.0496887142229 408.37815123510256 473.4607516779675 455.96067554259076 97.77819403730398 
391.43000231609096 612.3442198650416 125.08587848709698 224.70686154416242 503.87220407972967 
152.2372835304651 369.19838078364967 486.4495355142278 193.96059254293374 292.63261092520327 
368.94710447202704 20.74114748609513 237.52300370046683 441.57649791247553 574.9505409386222 
329.12637347120835 574.9121067250136 585.516532126468 140.76405239443343 249.36475545350842 
382.76037224280395 241.41243361600212 294.9460577873694 383.14575460013464 26.631137642165342 
574.7038847326628 173.31725844881316 237.70774228524633 490.6593670389889 216.72898544412215 
582.5064888049722 289.95439188170553 230.27592033498834 65.18717812459994 115.87678865941164 
331.662517655823 344.10904969214533 101.24036293981864 592.9257785859677 604.3749354786157 
311.15690656678044 206.84587353480507 543.2537695355475 382.572074294047 289.3248268004751 
315.9152710703609 606.1935853780006 213.7162125710366 321.42105621187915 182.89238938809183 
