324.6482201452355 291.02652362460447 56.44343454025757 22.2867518669636 396.15307747591254 
374.32000942601076 174.43225355656938 449.7557773160134 242.74450714383232 100.21982119088595 
365.51625285032276 395.1414371422326 374.7925361205443 458.23312605709714 244.14748116879446 
82.5466318481382 250.8101512707455 117.52887336884514 172.79833973877976 219.6456142310487 
11.30996762458324 171.91057606579395 37.703667887689406 107.0518722152654 39.107441096710986 
114.06751367144818 477.02584220265607 368.5660283361348 379.27373007568923 103.55774302944752 
157.1461696712088 429.2571466812766 176.94138667577502 217.97582051135583 317.78562614171994 
493.3302886139403 416.16585168953037 501.75856596526154 431.65801565621797 398.73363730325934 
368.0461016713567 252.08181310695886 449.35873982951045 350.458200024431 281.30739611335514 
106.30136858960803 225.19234595946872 159.4833598248148 473.5492831538126 120.39132934461054 
344.6418456020331 239.32113278207638 106.36207627532511 152.83278298921243 199.1830356257233 
237.1126371436591 52.51480024537663 493.40607442118323 279.14692896321543 301.22952254029053 
388.41785228399607 301.3398161329866 280.33335198612315 112.33372027648518 170.06341768950506 
42.26965772772655 245.07898335860872 429.84857954042513 275.6467778735598 238.46002569689773 
83.48276091080291 30.794456238247772 223.07167297107998 471.7418973709983 445.49195746468826 
42.942009284926414 495.5428532509772 203.61981637774278 39.55193038452353 299.2361406716123 
33.44882875637394 102.00114273841831 118.5227228498833 465.4439272738826 175.73811903828994 
189.00086042112022 478.56571161319533 317.9794844460518 458.99197888387204 249.27480509625104 
441.70322219481943 173.85892682676717 307.39680877088864 63.334698242952506 417.75444411329113 
99.7386830507213 271.8192967300809 155.29795838527482 266.350719840677 151.99013980189613 
101.18760092992817 369.5253962099794 304.73320107924667 24.763681913367463 54.38137752155108 
215.60007354387395 432.0362105450201 107.99557706095158 485.8341083446328 46.10030255741658 
465.7592544256216 82.31042530372528 363.05068576898213 256.61991243558487 411.1309007634188 
302.7725363370246 499.2433330182994 322.4890690818414 509.0676440200221 348.4393831193367 
409.2891935050896 111.64850315000056 33.430848138542956 239.67008123146854 322.2124030276726 
38.13062941021255 433.2848995355582 450.1421506628241 508.3941236445551 245.60026000696848 
40.85973311969326 465.5297068235608 204.7133195495025 135.40843559353598 190.92081433999817 
265.79608788300595 45.82173513612491 178.6122147364683 222.2497217345783 233.05413601361968 
34.75587420176478 76.41371833189052 456.9384390596839 111.94722532256296 211.0893771495663 
458.4714221641062 378.2005051950134 274.50418326964024 299.8287255236754 433.5369533700359 
